2068835.011119	2198735.461101	2486568.997088	2223230.050779	1943502.026755	2042727.100042	2001714.862124	1951462.191617
173338.644924	342123.480118	462624.441585	183542.900751	183617.215751	294633.813239	257615.009749	161557.855891
39715.704904	142984.150171	18926.753129	34240.125233	59514.266391	103016.404752	99952.715861	57341.341456
35013.575424	169568.371390	237555.206552	18771.222230	42041.807763	51914.043418	68971.139704	36584.058605
46147.092823	80121.734579	154191.255368	10469.041599	86200.908394	117927.272503	94035.309113	54679.746598
15434.811563	71102.919884	27488.672867	14755.873678	30134.621683	43966.413363	58610.775801	20417.325976
7750.356379	25209.562630	51808.859783	4844.193638	13328.228089	3863.308686	14283.078100	1691.995346
9182.088216	49135.189834	57514.861523	5284.217066	7427.538219	31395.925341	38258.536093	13023.529476
8701.142454	21451.086686	34425.993900	4110.394385	20232.835095	17213.099198	17020.866253	5587.039109
7425.154544	16103.271220	11007.937500	6608.250298	7589.642152	18484.489498	24344.544194	14160.524284
7271.701864	7381.538322	18960.010970	3233.178003	13914.732337	9402.733220	6857.960921	3532.220548
4680.238883	3488.488928	7532.223842	5083.415387	7452.961827	9835.399738	10827.485027	1272.728369
4227.261761	3331.781355	9723.864252	3285.089344	7108.036297	3714.765941	11792.840540	2584.768171
2087.094512	7532.481663	2187.956124	4184.791034	2099.477316	2405.136898	11667.040756	5106.184094
2289.188939	2905.200509	12155.976966	6267.843648	3881.423966	4938.162209	7372.280516	6114.379118
1328.006683	9141.418271	7249.409079	2045.059412	2723.333252	3515.681157	11001.651512	4744.388686
1521.855529	7522.064344	5995.079649	2603.077986	15339.733505	6852.000292	6843.155705	7674.071670
2960.625441	9204.930853	13723.948120	2440.923596	4894.964147	12951.001815	12575.825699	7820.959788
1418.181758	5164.767178	14220.981119	3209.239785	7843.684848	2352.558926	2206.261317	2972.563877
2445.541964	4681.270554	6943.547508	1675.797422	5657.445537	6016.194811	5754.290573	3468.686207
1714.472149	1228.169878	5992.244321	2223.476557	3330.230022	2233.315473	7648.558034	2726.833970
3101.604424	652.938143	1198.021755	857.173298	5579.587798	9134.470537	2443.719603	5787.445550
3218.509904	3093.504324	2328.154419	1850.457916	2005.502929	2424.552536	6160.734372	1269.338952
1897.188907	6533.070335	7323.536850	2968.189852	4614.839109	2945.151609	6071.386003	3402.574320
3323.913055	2916.305197	419.615933	1945.326194	2935.957425	3894.263987	4625.640064	449.318181
1005.325352	1085.517388	3019.622327	1853.988875	2487.747877	5649.159761	2419.338546	1766.605290
2144.729470	347.222641	4008.431364	1514.131847	2799.412170	2762.903545	2383.312086	2612.653823
1538.245429	3444.436964	2212.850537	460.863405	2891.897733	2363.663259	2669.800554	1310.521556
835.568070	1070.573503	713.283911	1518.565935	1460.456607	1509.150340	2631.985372	2797.997766
814.117620	2258.881803	2997.835553	616.616904	2981.207977	3282.224398	4177.716362	1185.820128
591.121868	2759.195897	3098.606138	1831.251075	2297.299610	3773.920508	1520.541844	634.984892
2284.224923	451.168414	1171.286045	408.122971	3151.390963	2062.143787	5342.287712	1870.826956
2128.791911	2211.512605	2166.307457	1665.064939	914.226859	3295.646522	1112.162645	595.391127
1950.485645	1349.279298	448.317166	1471.138165	2277.476454	2369.310976	2939.216222	635.239325
949.307412	1705.416738	1531.526281	279.823619	1459.988185	3383.226714	1796.358330	1554.849591
945.709952	1223.361966	1333.817547	744.585917	2534.462665	2774.631687	2703.144280	1075.091682
1162.937122	1154.399032	1584.200745	2219.168313	2539.947539	3862.061755	4176.508350	705.406000
1396.350690	1068.741550	1580.294276	790.909366	3426.086689	3392.197960	4417.829331	1681.766036
1664.815305	526.254602	1573.370983	1037.796945	1199.175706	1060.632653	2720.635404	350.302994
3470.216708	3183.634715	3919.106276	255.663895	2019.782166	3156.012199	2045.096819	1246.487515
1610.453818	2376.386543	2435.570262	1279.665826	1018.981507	418.290718	4782.249052	1579.311242
1103.344574	730.602021	1348.099032	1508.578884	1653.626620	3084.111704	1855.099391	922.823588
485.880001	1844.321420	898.799199	1411.518907	1630.505750	2723.889774	2798.579372	993.805910
1856.184325	1385.293832	2172.607880	1341.610925	2777.038531	2309.379679	1399.832847	2834.240551
1830.525949	2010.709887	1723.605451	520.987254	1171.877927	971.567741	2090.495635	592.991410
1198.648823	241.650469	1126.909102	767.997437	1029.220518	3700.659806	2658.958161	499.638291
476.242602	387.753949	664.973707	850.738209	1762.898607	2312.322317	1921.042360	1450.906785
1053.101372	1241.564134	2164.055568	410.092139	1458.052040	396.574433	3234.742030	1485.222711
2068.407117	1544.549854	2259.189235	625.913557	612.104234	2132.983943	2248.736312	611.693883
1415.565391	2116.157603	2124.454636	378.408262	1266.879089	1749.842207	2274.271422	1323.915877
1048.078659	1500.221650	2105.086103	881.351023	2304.927873	1852.426179	3010.199827	348.048914
1718.495999	2502.328016	2195.902093	592.014279	2527.004650	2078.945165	2262.247113	683.011987
1848.044034	252.685065	527.109779	558.223745	2041.925684	1788.796872	2545.934995	1153.759182
1356.274631	439.616452	1241.602845	1032.400479	825.006818	3427.091770	2132.146571	732.358263
1068.004389	1544.882277	2733.034760	323.291374	2611.889546	2638.202987	1953.145668	1276.884098
622.863473	2065.262695	2901.721041	606.135762	2045.016565	2413.501398	2575.161257	558.677540
1345.141117	1125.749639	1265.006621	279.322171	2297.378941	1664.495119	2475.754229	1113.445665
1113.439379	2419.717339	2510.173898	687.936044	2489.814752	4077.378324	756.736373	1131.741357
1545.274005	95.800742	2072.922454	418.163675	1401.545174	4403.301716	562.301659	1375.923826
501.977231	744.405384	1316.698903	1362.556283	1314.304331	661.322893	2853.984671	368.771991
422.936997	903.434385	534.758941	568.568158	1147.692685	952.148295	2730.056135	1747.338047
1024.949999	716.516486	770.177942	664.268959	1314.171364	1996.120926	2962.546202	361.837671
1720.965427	1745.831607	1806.900661	121.511610	1785.825859	1996.589342	1769.730559	1157.041162
690.115457	1621.109959	2214.989165	1877.437482	798.616382	1012.443764	258.685816	657.048752
545.869003	1282.097793	2981.507169	210.686833	897.838794	3307.082854	2865.479018	1997.544868
130.153192	1547.509047	614.825356	929.887930	2327.797886	784.836926	2903.754466	557.608678
1198.454839	1927.970695	1010.555417	944.874859	1060.170977	1244.169251	2924.551590	1101.297019
1167.378687	876.563139	1189.133456	919.547443	601.965349	1830.786306	1161.216442	1201.481377
640.993784	224.873558	2681.039910	1054.423539	2176.862766	1252.965083	1450.065171	1228.006515
239.605829	1474.198426	711.119760	968.033186	1393.133518	1983.995401	2189.300573	1442.114680
209.875689	1366.224451	328.799937	421.725770	763.455958	540.117059	2782.463567	127.455423
1258.651461	1463.069291	706.574748	428.930137	975.621725	1632.474579	2082.653116	480.736122
676.103473	1477.270964	1668.421410	1355.523700	984.953394	1237.159297	2601.566259	1319.315116
1420.448037	1834.189194	2320.561139	357.359238	661.722468	1826.640906	843.954568	1317.915115
631.395849	1134.314551	1150.625373	848.162683	1537.655358	135.331978	1705.330320	289.165313
139.533962	1530.334931	1128.978576	581.813490	629.582302	1148.846813	2900.341532	536.239656
374.903383	1764.380486	1124.015291	508.747466	1507.028948	2307.995992	1133.587612	772.979382
673.022706	1287.802634	583.210457	948.917475	452.167920	1962.242403	696.214878	417.097898
843.124398	1901.074236	1325.803860	393.717022	609.701720	883.490662	1181.209867	554.356102
1161.193136	943.623303	1447.615798	588.820909	1267.330363	1157.016422	2296.813880	1351.288182
538.568270	313.852548	878.806435	330.197313	503.949263	347.290089	928.657970	561.401455
143.338726	176.523027	574.161427	471.624934	1139.742350	1876.918552	1720.661428	705.402988
826.206920	741.025641	943.289026	911.936196	390.488636	1252.281767	1150.011848	233.277480
1011.859118	2051.917152	350.926753	419.381576	582.979792	400.883322	1399.270078	40.830675
434.925407	848.160510	387.959828	349.535495	810.462368	1762.215296	1315.545894	694.423187
461.838886	316.496285	860.014062	359.910427	1212.730700	1444.434621	1349.517553	296.709493
506.295461	519.352211	369.161106	965.538839	1303.024175	1441.006332	1455.542167	180.035847
286.838873	1030.692182	1115.121574	722.743817	990.685463	1210.018802	1213.561546	394.556159
705.980612	1022.573347	1253.815925	580.447887	992.470623	504.695592	1253.297002	889.064958
289.110489	778.499157	1211.680290	812.404341	1066.110337	1215.801073	1493.188870	461.201369
613.944623	473.746372	137.869496	643.592456	963.799221	2067.927344	1556.130297	301.026564
329.575508	1461.749979	464.936857	520.526416	603.911728	1389.671184	1886.636094	81.698262
50.089580	348.008037	832.359748	785.583382	785.953521	1431.213646	703.202985	366.908665
863.967266	535.242410	863.403548	499.821562	693.861523	1108.967707	868.363907	378.896671
1004.689193	493.177279	500.656038	666.064256	790.161534	1419.212722	887.205972	999.882243
1277.356303	796.318286	259.895066	568.401542	1444.349681	1457.779390	2451.993067	875.116849
1084.401851	599.505551	484.200485	532.132796	500.212752	558.024557	1676.035053	745.634210
209.888838	203.166832	826.357973	227.046543	401.067716	727.710966	1405.645537	536.655092
879.302174	1005.491546	1513.579202	1087.173687	835.061450	1389.163822	1500.628368	1029.085699
1013.467038	1038.486098	1093.226932	577.699776	1424.196265	570.907775	1094.257739	280.018833
927.090509	688.581672	1144.119913	502.462188	648.085811	1150.858593	1479.778024	756.612682
203.861559	911.102251	699.352826	597.087070	861.287626	124.113867	432.018844	923.733491
525.967293	404.529781	708.124327	599.366749	337.749711	515.703979	767.946491	742.687350
639.437057	301.095150	491.014606	622.391507	1307.001339	746.064131	697.194871	83.062823
279.834075	529.955953	605.863330	104.816600	1246.943363	1637.780968	1068.039267	620.721984
644.436939	1409.956205	1731.725296	485.322959	1295.412917	923.498985	825.670485	392.661850
569.951615	1276.334155	526.432896	473.749802	197.033686	721.755261	1238.132313	623.220216
1628.180119	1193.460619	655.450561	126.173654	558.202360	1253.387310	1222.527147	793.815312
749.163534	720.088124	793.253585	952.128077	1022.760877	457.010325	1105.599498	739.643368
1018.008135	210.735533	327.884352	621.732911	439.158446	1017.632731	963.109482	734.865166
341.095844	582.988717	1115.005549	362.473727	820.453647	332.546331	1710.060818	1219.390832
316.458750	867.361696	732.353740	408.311309	718.903897	1312.369327	719.180154	275.287222
662.909873	370.157547	49.273226	297.001131	457.382379	1011.051773	773.827904	658.202643
437.780517	341.798963	481.490313	522.335740	184.455163	1490.502432	899.818454	577.387327
411.999298	312.105801	1021.894656	254.541315	944.985417	829.848631	320.983024	379.826399
57.262984	1009.060857	725.496253	318.837721	1185.409950	979.115736	1378.570954	573.005890
309.016434	1142.670666	748.907872	367.174899	571.689218	407.146991	1182.701463	565.577691
612.078375	408.186289	518.318375	662.554149	289.383801	856.496497	30.554155	606.302627
406.677141	651.697255	620.202034	1303.474779	651.773590	370.262449	1631.168063	432.366616
213.739254	731.638358	953.171515	1075.187193	738.121137	373.504706	1570.232387	351.607714
279.290228	711.930035	667.733199	209.259623	896.121888	321.755767	873.756688	338.750231
167.016741	444.408947	613.956788	354.358818	883.824431	105.456008	1079.425426	356.908941
626.436050	261.997570	198.415579	568.805382	802.254168	981.470453	1142.666399	230.931038
328.286306	784.745898	782.515894	1294.712420	1031.482307	1458.305952	859.069955	205.854090
278.555243	529.451426	745.213812	275.161898	449.277197	884.377712	471.765832	391.971679
612.915191	838.086586	584.204427	573.582274	291.846746	471.435308	1449.564331	573.567918
409.799379	930.796802	245.669120	784.309728	1312.764973	824.992008	560.851696	651.788980
389.407463	1223.547813	1169.196679	1070.680566	473.376832	457.926679	1453.523650	715.513561
453.734435	1263.384739	465.813703	641.819898	434.108839	925.258038	701.823117	727.143211
654.576079	784.432199	328.488620	502.833503	667.428273	827.826295	996.798814	634.121711
662.096811	1005.086937	439.284877	1016.400204	639.224139	909.830513	734.780027	590.331369
708.014610	250.331647	731.280213	434.776864	749.819228	271.062262	1293.824225	182.103626
646.028468	952.879878	567.595009	368.064320	685.183780	711.707103	1223.103481	833.351854
402.650593	1021.288983	171.733760	954.097119	560.713942	1466.952453	1828.392053	562.879011
235.671647	606.006420	642.159054	261.336708	596.488972	376.391730	537.479011	143.950899
738.759264	388.881931	652.635905	382.668019	262.169628	1029.465942	702.188321	508.794501
813.163806	288.282332	565.265839	1101.619717	567.943742	1315.988792	819.901823	421.642881
213.832340	404.668383	559.590029	375.439825	367.043722	375.810250	1276.268536	465.192904
524.579355	1017.456172	626.832862	283.526578	615.879199	1075.602331	716.652069	569.026581
342.559073	522.489474	764.936313	72.328218	1234.020918	506.642040	1460.655675	343.377525
312.473286	435.273441	727.291981	412.344005	829.384373	1080.239383	1292.952435	511.870314
796.403949	573.666960	903.684334	120.398541	553.481792	403.013647	674.189328	545.706222
634.094236	141.729055	682.628559	1141.328502	466.926453	677.034757	431.930062	637.715062
495.119430	856.273503	1261.188229	289.699656	333.341862	917.245537	1266.717411	379.638376
617.220585	149.449191	408.714677	194.453682	83.247390	765.045505	1215.344704	928.899483
267.197098	1167.320382	872.938751	188.386156	1006.686241	963.272223	290.203552	150.752876
191.175292	1075.247355	213.627331	995.166883	428.832627	846.496087	227.549102	257.048102
946.871823	188.182923	263.264838	368.821773	769.195156	936.195426	741.581587	559.676637
168.480763	544.615690	523.025035	832.186578	155.823581	120.788369	937.182813	537.366786
97.398786	222.046615	633.858225	493.671671	887.706032	101.431035	907.770070	609.652104
771.300120	1419.507133	840.532049	355.023591	658.468298	463.501787	1096.965701	591.261496
165.707149	845.676800	451.394350	1086.523355	484.559046	672.421859	573.927560	583.882158
505.040376	490.155285	692.593135	295.618750	569.860454	126.038731	221.810131	361.974490
196.017378	581.214676	542.506596	876.065779	738.309513	1214.293004	732.801559	324.321022
772.823678	279.556373	877.913720	958.689405	317.405732	615.489414	1159.463022	519.868974
18.078783	464.658006	786.776890	669.938850	575.248397	448.304410	1034.567724	560.308007
236.053821	920.644407	793.204419	628.282555	620.565795	724.200723	848.775662	8.738545
359.409585	149.871977	706.705075	663.983033	308.918704	1093.764771	1443.740108	344.622336
109.519494	271.704343	573.106066	515.307463	310.230043	889.243991	1977.255737	278.926808
508.974428	470.881354	747.484532	1113.818096	178.286374	490.166362	786.352696	871.380012
557.748347	770.524578	212.278524	657.733965	355.322114	66.552691	1388.705782	423.747529
808.175182	532.025258	270.109252	759.491771	678.426212	385.206316	579.241368	652.701621
403.460345	397.128423	319.183614	253.360091	1395.018235	944.825447	844.236045	645.867271
244.744988	199.340828	760.984354	751.313600	528.607250	1185.434572	801.784806	1275.381757
355.418701	1315.447785	361.233975	1107.348974	669.403116	824.991136	845.168216	351.402947
124.361337	1125.825475	544.117089	325.357039	164.019649	1382.131009	1182.501744	658.224316
648.341972	676.143730	566.082757	410.400395	441.608176	545.506846	616.920325	885.785633
698.765138	1220.806752	554.477598	498.013303	789.652970	785.497016	578.626580	626.903776
196.545776	1423.719644	972.459446	454.293940	1066.762040	307.377376	416.854329	649.499615
681.018217	766.309745	798.095937	210.947972	252.563065	513.308204	545.778343	471.198671
489.274814	743.485877	806.671944	759.897032	1940.604545	729.739251	954.097086	560.519235
822.275881	482.279062	465.249060	194.511397	583.013776	476.405700	1438.764922	238.462065
923.472286	123.559777	733.184706	585.922670	573.570996	1014.767707	431.091873	212.286326
802.569312	197.952971	1144.989192	121.375282	844.986945	712.458595	230.564431	672.390721
910.243580	425.578815	721.656471	781.973105	251.355505	1107.318552	389.631196	195.739912
872.080092	234.044367	465.825846	876.989096	574.883059	376.102172	1054.276173	451.243733
263.093837	420.381820	610.150929	544.768013	575.477302	838.278668	1316.631877	827.777144
498.591062	308.161103	917.278243	590.963884	1292.208574	1296.651071	424.894619	1128.299384
460.994170	241.032982	508.616813	1336.960078	406.506438	456.113267	644.560655	306.209781
118.169750	218.949373	810.795905	1198.431475	128.674864	1379.136686	471.361127	865.713615
913.026732	954.421913	245.428165	603.625712	147.388073	154.111529	1206.517820	1248.101258
262.418529	713.338498	583.518771	186.368188	569.640402	147.298737	312.461485	403.548092
692.867524	162.518773	945.540454	137.630967	549.276740	1079.481820	1178.451420	895.026501
596.255739	137.837441	1047.946504	1021.600032	581.592050	731.516917	498.921415	932.060956
712.228062	366.508953	625.062122	290.762145	396.715263	99.235205	801.465572	751.971367
738.209701	390.590238	341.611256	662.363099	692.960001	340.072005	438.274440	661.403928
103.294926	77.012276	172.844340	766.891453	679.992256	405.579023	881.729373	259.812162
970.968202	186.706299	376.816351	659.872999	616.461576	205.444801	1059.633309	585.144614
904.260921	125.698944	835.244762	602.552021	304.812878	398.199326	446.660980	740.111731
482.733557	768.383124	596.285691	299.897300	587.213521	751.320255	953.903035	144.210296
414.754577	339.834185	589.729069	889.406825	657.585807	431.934457	640.000635	626.490822
441.414346	1024.260282	953.424879	584.934665	351.014712	344.636131	1034.505800	669.242576
221.212718	642.146328	306.368242	937.948226	580.403793	550.642976	736.933002	791.008494
598.608543	874.479059	581.208601	990.621017	897.008640	188.455866	1077.239934	811.027242
280.556631	581.202632	510.761977	613.614649	524.844084	565.495994	898.010753	310.021383
827.758041	193.136731	835.770528	417.403058	255.490360	393.880931	540.552293	850.901838
545.615335	737.735810	527.730637	748.442049	467.221408	1338.622286	561.598806	623.449427
707.698139	393.190992	1056.288490	526.971596	897.138785	968.784290	1149.094970	520.528638
524.127102	1407.580193	328.266041	1066.823263	564.153763	1342.363028	799.616900	724.928617
369.670821	376.502490	991.861980	1207.298534	665.984234	962.227591	176.422721	107.547428
134.147824	362.011244	447.889460	786.610291	691.350287	303.928754	1106.566480	619.904378
351.401380	1027.407173	681.920473	275.503828	455.351873	186.900772	548.279183	195.219228
802.233055	894.598828	423.168148	130.209852	441.339332	126.980786	245.579242	991.551247
1005.092036	428.487529	1290.831370	81.607100	748.131924	1026.189127	289.665715	475.966533
668.133290	483.190697	830.017846	180.499437	96.096839	666.043941	345.891319	269.213380
273.155862	251.008723	643.883578	463.102935	1043.856851	537.693192	842.634856	504.142000
748.904283	715.618548	528.240446	726.012009	668.873587	130.653227	633.650362	203.310809
790.766875	85.996480	522.773254	406.574640	640.904098	952.705129	383.267143	655.095556
294.014469	987.618411	255.961606	391.720165	582.216750	1554.563604	987.449081	558.241155
469.570465	371.465804	22.416546	16.485836	559.295958	1448.722196	546.510836	681.843182
234.074541	962.916468	424.925067	557.284151	437.368230	814.387538	816.036534	405.896288
634.742000	1037.800378	384.869621	1025.439784	1044.832522	257.068358	1746.631902	445.397505
1300.338273	426.994895	853.350968	120.320093	647.248527	235.825164	473.361863	314.830113
321.190607	1151.775152	544.031536	814.159805	267.235749	155.169904	1234.210983	358.822924
481.804470	399.197711	443.480517	576.659236	456.594185	608.060004	1245.886030	246.089240
771.734937	557.327776	249.714329	908.468251	505.528220	98.714283	714.460592	272.511554
578.157094	620.893082	400.193332	238.702711	1149.764867	334.712925	347.620898	613.127714
821.912860	292.348652	515.378199	864.766442	717.420226	792.530126	624.814623	623.589959
572.710333	194.718226	549.067334	293.967951	777.339252	456.031300	1005.849610	216.225893
243.590332	542.473156	541.041501	545.481410	262.482395	1000.936437	840.082288	822.322701
284.742620	286.767273	701.315661	358.236119	249.977226	212.785342	1046.856366	499.653427
419.340889	571.546039	689.311704	850.993610	908.650098	923.829293	853.251868	729.769955
925.189575	492.843361	229.752040	277.609494	972.557164	652.760484	913.463669	959.738539
224.914220	787.320138	500.915178	93.827447	537.479302	1158.504316	1328.299524	974.549768
347.855529	329.575212	681.700860	647.083046	903.742220	585.396901	1186.367407	727.063400
299.775450	198.664939	127.047981	170.863227	549.522947	279.287514	1011.569356	732.223241
422.548407	215.555677	153.417317	187.851920	1030.377237	285.855104	675.803943	539.123652
251.313674	130.217561	254.185495	966.177099	480.815811	697.851099	432.800582	657.368666
352.887586	278.587270	472.455124	548.207876	561.902488	480.910075	851.938011	690.104680
794.200817	858.323147	900.792741	512.298314	759.583850	965.569651	377.551859	268.963375
549.431126	98.110887	542.388871	1512.570907	592.155279	808.057122	617.961214	653.747228
401.598953	952.844885	411.214037	905.174120	915.010417	646.585455	927.211343	398.025262
393.601460	592.838458	441.670816	881.752658	636.945494	347.091689	703.104166	116.747637
486.244666	467.532402	802.090472	1204.674541	505.073633	819.064291	598.943419	237.565254
478.713820	234.195039	395.467504	448.531702	344.203882	118.427366	1082.516455	712.881258
509.634888	707.174881	779.905283	674.755743	589.212239	789.839897	1236.840430	424.799438
867.749964	780.932736	324.029886	434.800834	415.603420	802.543651	55.022461	329.999266
70.788731	531.482596	479.221651	921.819058	506.573801	440.568046	443.652384	496.627438
228.429061	383.280943	630.921647	742.451514	416.521964	183.340477	606.900115	1252.656427
217.096105	585.541416	675.464239	741.094039	687.671570	912.383143	456.057871	874.119450
318.633263	733.254049	894.833644	729.827976	930.694364	1241.375447	779.692648	769.407158
293.229419	1191.680798	377.598994	921.688193	409.491186	1003.783779	443.770581	714.988527
641.607503	312.530623	967.148289	671.984514	724.678377	1237.492475	966.359438	613.736889
87.791765	866.903361	277.708269	423.478932	592.295851	1004.986318	908.847003	908.600160
896.524052	438.872134	1072.948741	964.702610	736.763191	1029.650548	840.230400	1246.320184
556.966617	701.691350	452.890060	410.670774	248.818387	385.771224	246.787215	907.242181
389.406520	1130.850620	767.444135	465.027284	76.719791	526.154356	485.099507	576.350832
635.090151	353.181046	336.787558	598.289071	722.634135	697.256073	1180.610065	220.210118
284.483729	1198.525500	982.549299	526.871604	318.230876	575.636333	443.198531	679.037186
705.112823	807.870658	950.057992	1087.642979	744.806854	818.125258	1065.045246	532.197391
554.947633	648.100349	506.539254	1512.661396	981.939376	760.409183	1304.098443	469.708021
774.905801	192.308417	932.069472	1217.169154	396.011600	393.557175	331.155222	650.171852
286.968571	1133.789553	624.797217	1558.796411	891.859049	777.637086	888.317511	662.332809
685.625718	621.683099	871.219117	1644.676944	919.751359	261.115336	841.006243	1045.626845
473.831161	180.266459	595.221282	237.422504	734.838800	428.177479	770.071993	967.464599
587.757896	598.548635	899.176220	370.221344	723.721977	339.227638	423.417089	587.420207
1082.355302	1117.150393	564.280958	486.195434	999.720461	469.613671	499.289495	547.521689
273.656048	53.620798	194.405303	432.881497	410.970460	271.492029	314.954721	811.968634
1274.124160	302.264190	238.863569	712.366720	1518.084896	77.702269	435.599461	259.418942
114.461857	262.276303	239.649459	270.948190	395.518331	659.556385	272.526805	223.436670
666.363077	115.552443	333.642785	1026.087594	746.150412	656.246048	369.055869	1291.173304
526.572199	655.448034	1233.800227	1300.561417	925.279620	930.146830	632.409504	774.825626
270.799929	636.287327	181.762659	659.113230	1103.153548	879.425594	380.720698	719.011605
440.631383	591.939265	663.360903	625.888294	32.633788	1070.790246	528.143861	1004.444187
433.227513	664.078473	257.469476	644.743117	917.479019	369.867649	779.733929	522.206766
548.215628	724.193344	759.278358	724.913745	119.650190	633.585309	571.027309	681.787586
404.466547	550.589514	667.819867	821.266172	600.620434	1298.095913	388.540579	489.794073
952.247112	475.898312	330.101405	456.073973	527.976651	207.801353	681.681102	652.138070
570.762374	404.394629	160.645311	187.579296	546.633933	218.712479	433.618802	86.462126
580.795279	755.433981	566.072599	1228.887861	988.300815	311.485829	97.726765	625.136585
155.070082	1068.813653	21.738169	897.989038	1156.967318	594.582732	168.967817	270.221191
1090.896191	586.801100	541.350395	170.904641	296.000158	148.406615	750.612583	507.739014
1029.152928	730.446824	1196.108377	1400.133342	221.596656	576.774653	863.899010	389.037514
643.178168	563.231302	295.602549	1341.858599	108.094839	1376.588174	296.420086	525.350270
579.731242	795.711356	375.790375	893.371143	687.983376	724.699464	903.078208	681.904640
1252.428890	495.801324	334.479003	398.252079	792.890125	877.162542	1436.493561	722.598544
421.650514	286.162104	446.942914	1138.706723	1395.116841	317.184107	694.063555	480.433821
1210.831171	307.489786	945.586987	847.585468	885.937286	650.488254	1779.051995	418.513310
793.484523	363.825186	437.610058	1580.681815	627.524004	896.654267	655.178530	543.097482
837.942570	331.167584	600.898442	966.968200	165.814691	598.304949	360.447725	903.874715
60.288953	352.011486	796.113293	1052.332766	859.253419	1063.403146	646.932377	956.805754
572.049058	199.856687	410.313828	1277.522064	248.631190	313.550484	466.187127	1043.353607
762.115231	828.870579	586.752503	765.181800	577.300371	1205.528100	630.114846	380.611699
876.506453	362.703757	369.901317	511.209289	557.824401	1254.010417	295.510205	885.077645
833.781671	703.635559	553.578331	756.597689	553.066960	635.508605	1147.139377	925.520799
356.941095	606.569272	57.050960	1142.676354	861.591696	295.039153	962.697934	359.201719
722.189336	803.835532	39.183608	710.519792	886.225564	758.310458	535.557070	313.238004
973.637477	44.923961	807.058509	773.089217	277.496481	670.849159	1010.059249	514.935190
286.391422	172.752408	319.126457	696.571986	695.329688	516.495825	1147.582241	574.094341
619.152899	295.069828	204.268455	1165.165600	387.314209	577.547319	1154.709163	183.796965
615.647474	1143.030293	250.825816	767.845688	407.273346	402.732483	925.546528	128.539330
803.860179	657.750641	1102.672152	228.640155	1002.809616	608.557310	1014.199592	923.804024
155.422245	739.784344	580.840097	481.128995	1271.090182	318.163431	571.687005	1201.811861
647.166372	800.701958	708.281172	301.057706	1476.555536	903.046130	399.242192	562.860385
563.938605	614.038527	1354.679159	527.506902	4.934691	27.997469	765.665805	868.348396
785.567868	657.469676	237.853397	947.693681	982.797283	767.764531	606.500618	692.149144
691.309627	912.974363	773.809650	405.986087	1012.709485	717.820029	705.727661	1044.109788
130.383000	750.057623	624.757253	344.755348	1070.906917	296.970642	212.683358	299.649978
1276.679727	677.311413	838.173088	640.060935	1076.476951	631.139768	155.376584	123.444834
636.247446	819.434637	746.964022	1247.168493	1271.483287	887.122525	1296.476137	520.956632
1054.085089	584.087215	1102.743000	404.210264	680.113249	162.638787	530.095599	554.253665
972.067063	1314.108348	328.824243	376.106202	513.273319	483.318865	211.029952	1009.114711
811.973291	544.696877	976.190683	358.301549	536.568000	1002.904781	220.437296	160.617765
566.149632	1140.588335	904.846016	824.222816	265.182543	727.508376	217.611358	974.841365
666.371377	757.272367	1121.509641	930.297667	1107.376799	206.669488	164.543331	292.433486
664.963086	561.619644	606.433658	530.411043	447.739601	903.965569	1493.838930	371.151923
374.438455	611.157559	701.762446	136.556607	1266.639748	851.817872	393.509629	189.567456
416.303750	801.016698	668.317150	1117.587972	353.899935	563.273995	398.074742	693.330391
433.939116	483.353924	795.606373	247.127948	590.731723	517.693533	28.265554	907.714300
538.297809	106.720978	943.356143	310.892239	1808.675759	1228.602255	488.706152	689.482301
171.704802	265.265625	759.800879	654.642985	1457.905775	1084.280522	887.378795	248.774700
416.665971	100.216567	1083.984836	1337.434204	509.064353	1375.171398	848.371528	822.185996
852.051238	1127.226242	883.199829	761.478168	488.776182	1169.159688	319.716500	394.242807
432.504949	468.870485	1039.538660	1564.458373	925.252634	297.606848	698.007745	347.487612
302.169965	877.079386	686.978530	418.434303	197.218381	552.042769	708.955173	908.600710
1403.372946	522.689738	945.837790	783.668935	599.435881	930.937498	663.541328	1251.190233
397.719338	421.346799	781.607798	547.395195	667.962059	198.980507	731.081305	1592.378881
825.529603	690.610599	598.000732	295.992082	169.231991	718.642601	357.661524	1048.854017
593.100961	406.385208	780.490191	687.893092	788.814855	992.103195	1138.558024	564.489703
634.750443	616.378993	577.718059	471.633995	302.506521	832.181733	197.812697	477.388272
1007.418359	278.206758	335.286654	996.712879	495.696291	543.146993	840.248661	511.395563
833.050194	898.629651	729.492932	748.925480	152.696121	1221.279913	474.359124	908.956923
448.947223	518.630378	504.009285	1151.184390	755.810492	621.662740	597.630974	664.901003
926.152087	913.504823	353.348591	23.413993	676.896018	199.675596	940.205031	517.368552
312.190484	526.465158	343.104838	517.373928	508.401432	723.047457	706.348931	960.053644
496.700646	541.853070	581.510372	987.225342	1337.040014	722.060290	652.716415	655.084847
434.805147	588.871537	1785.674662	253.526148	168.912150	1268.452206	1349.284301	268.894380
820.055943	517.510084	665.023002	993.098623	612.872565	1020.972514	991.357434	248.520804
1194.133734	931.258725	531.893023	371.894999	1266.407912	970.063464	482.917420	480.474050
1768.129379	456.374298	1078.938135	193.494055	571.781017	678.483511	1067.686166	774.628217
329.621018	1070.517924	381.627805	766.306279	1092.081728	205.005497	704.767382	831.353678
325.365035	806.420215	507.100782	626.642417	844.924035	656.740816	271.501295	451.423547
662.803209	331.038293	288.040131	315.929432	982.302938	988.354188	748.342502	121.463400
1364.538658	944.543673	819.923586	459.545326	1035.697893	151.310893	204.849039	722.276176
606.070180	85.709712	987.066962	496.805420	1020.644098	200.907492	544.610928	428.162133
1339.881711	1042.023152	391.900278	637.472892	908.341242	487.624551	562.627874	490.459064
885.627073	1017.363381	724.145833	869.150627	1067.761795	370.702901	898.719228	185.573141
857.755902	448.960066	1222.360166	738.562751	594.325721	814.375911	897.147563	660.095069
495.782336	557.498767	1006.065169	792.010496	661.356584	436.207627	1086.208428	1417.442768
721.673814	723.337188	713.630113	537.255060	979.502616	472.799607	548.647456	896.076831
402.665882	438.511349	755.759883	1103.226348	551.386264	192.749726	790.586175	133.516509
366.838307	688.215832	687.360509	366.162255	464.878664	537.107589	232.261706	584.995406
207.099689	1423.805552	776.741028	393.423436	1460.175075	1001.788931	953.174302	578.187416
1225.286701	1312.658086	1193.002148	535.251664	380.386933	180.376440	800.483331	442.956579
1100.341083	1191.701515	1297.939714	820.706593	343.676674	156.778942	344.221098	524.179776
413.445734	624.467148	743.255592	1982.545271	501.929620	163.632484	417.879711	780.285845
815.316043	716.766393	580.091345	354.498545	310.528229	1218.429676	806.351932	354.013981
757.079628	415.705612	243.931583	355.618190	251.618914	646.043245	1057.612169	652.648690
857.091156	1193.766518	348.690015	1148.773640	370.356205	349.679630	1369.697549	708.912151
295.297493	565.914525	968.064693	395.545095	563.904524	875.306375	139.498544	1006.109462
1241.631739	421.959380	811.216101	1000.997409	565.882441	719.780652	748.881875	674.476209
328.452456	393.471568	399.737609	874.404798	492.872496	497.699693	1075.262526	1009.949380
311.769246	691.910805	792.032038	554.501183	467.453891	260.108406	88.564543	16.866165
1423.726448	466.428451	281.613016	621.837800	492.438511	1305.066904	367.354350	892.078857
220.841360	625.986047	667.006700	1367.688287	1128.302264	91.442541	1055.955077	577.546805
368.945203	978.344169	509.243741	687.842210	42.343865	1227.258123	429.361827	437.111649
260.858573	661.615683	666.193220	1165.051394	1017.901303	1581.557539	210.975950	991.565366
736.819983	602.433943	243.337953	719.687693	436.089870	1242.444214	1406.157797	1172.361932
238.189673	1060.479255	1238.009895	320.293127	659.686052	1741.601562	655.921823	262.294741
854.382928	213.945260	382.175925	1528.663877	170.690378	402.936506	86.627787	1009.585744
748.608376	622.262279	568.748736	214.769653	271.953193	242.600656	238.609121	495.840637
530.775906	987.098114	908.254611	596.081580	521.653800	468.277495	649.221168	140.907397
760.286089	322.554211	375.225370	730.057361	630.069986	140.295009	756.166814	440.316133
720.490610	179.855112	217.715482	401.199900	610.963634	773.328116	957.244254	420.844853
416.117884	224.433593	446.974604	708.730908	342.397247	531.193350	1298.538842	766.093867
489.171334	924.546510	179.173270	132.044012	905.426799	676.845117	915.058434	265.210544
1384.765188	632.445106	458.062462	811.667959	637.787607	523.601262	707.910482	627.004187
562.215150	786.166252	999.805544	44.986600	988.705656	422.828201	602.153557	1174.232941
652.523850	1033.218092	505.921128	1104.092274	427.266676	599.086101	1037.877522	667.665101
456.800644	192.326809	270.258181	201.050289	429.999146	525.010238	167.993315	767.446049
362.379786	182.703269	920.583103	496.170680	951.793800	886.166322	665.471449	773.315791
553.336414	471.841505	505.217713	1150.008696	387.443201	1384.718383	430.923264	660.067989
580.690456	297.962574	535.751896	305.251459	1197.398012	846.668176	179.101207	448.284717
914.799773	1401.982436	570.816028	418.557773	1544.897893	701.670217	781.946609	140.619993
819.811373	515.648257	854.331610	625.116339	583.011042	548.870516	194.709379	969.713908
1030.353580	625.777916	491.732286	599.063331	433.945777	838.962603	751.641495	908.679743
726.578067	1221.660755	1094.176745	759.319185	867.576438	400.701436	517.169278	1093.176107
263.858346	182.488623	468.136866	598.685774	266.468602	939.755088	780.970030	109.361995
576.617128	34.047854	671.351389	93.886921	469.398252	285.918053	700.655675	169.613526
50.508880	369.060081	117.474266	653.966025	867.151443	919.419212	373.763252	266.273825
694.710844	889.853850	460.339447	525.632773	208.529487	801.740451	1016.174444	692.728166
600.037056	287.276992	743.236419	534.583541	861.616504	700.380834	1233.083533	1181.308226
818.024144	726.488687	551.460731	859.082323	187.780499	737.517754	306.476804	617.500304
924.474445	1609.018334	350.987235	297.969797	278.405912	998.113408	535.618801	613.806947
382.140108	664.943137	592.131346	855.471398	100.476414	196.488708	589.087748	798.447869
169.555911	521.245384	833.164487	233.361517	337.819825	731.532424	195.900794	120.879476
912.026932	641.236550	658.775521	419.086469	551.671891	252.486355	669.022211	940.164214
768.860236	785.881949	198.791230	617.773699	759.103460	599.018390	360.839061	174.934268
553.773899	369.224525	343.712248	1096.124366	582.910397	690.324290	760.285925	592.804537
377.973399	1006.916487	359.905239	864.736593	109.192705	1259.165746	1177.525318	618.647542
880.209315	749.597267	822.326311	931.011177	284.727625	931.411664	511.062481	1518.288675
518.003378	1132.385921	367.858074	434.776990	211.908828	915.198646	1613.626041	507.051695
864.543738	607.653761	775.127610	77.099561	633.280398	592.735212	694.640712	878.466348
367.499745	643.921919	863.188421	1078.293154	789.127089	452.590581	436.618057	273.302331
390.415524	579.958107	217.994750	800.076832	1066.312630	568.253685	1102.616831	1105.361592
255.745128	612.682269	108.554642	566.808169	344.976245	882.256447	645.803981	529.491118
412.743186	423.381625	476.063169	151.603261	185.211830	277.296688	697.866436	167.980497
559.114003	819.623656	870.786964	710.791592	127.131038	377.610559	309.998437	265.844116
719.815601	1223.181558	1528.135792	247.944857	467.436577	143.260035	641.488162	943.591444
361.043107	640.668620	243.672071	1220.386261	408.857192	811.034948	133.151090	242.950283
215.343104	535.349302	471.389469	653.249259	423.396165	511.132612	353.382362	678.894782
114.147605	293.845849	664.417720	364.435994	595.535473	665.285888	33.352528	335.703005
850.667422	1042.074613	925.995714	434.928945	676.160807	575.377919	482.316286	262.329736
384.704270	2129.628137	397.584445	500.360308	315.241574	718.186910	510.546521	537.860199
451.713681	585.112623	425.703315	785.312159	610.895628	391.827090	1148.307559	757.040991
815.672882	636.731694	826.257716	192.609790	903.551638	952.993770	280.352234	144.247190
201.171326	581.901006	681.911880	458.733515	986.968939	890.105120	455.587035	126.409529
1167.396837	550.209051	438.496045	706.271106	432.700243	604.572835	489.034284	1291.023334
517.210879	1232.449999	717.334062	312.051891	454.497903	1360.313475	1055.006931	316.989020
497.368843	1083.104450	394.580711	427.802086	642.097126	1020.832656	958.933261	279.134768
511.198255	254.428856	857.754882	296.216744	71.002276	255.610330	818.201648	224.264875
1077.927409	512.661347	286.288002	454.493915	634.396514	336.919594	818.396832	506.937835
415.294643	541.714062	141.807301	1200.225083	256.574551	530.326020	242.453999	625.126937
1018.384045	656.227690	830.563363	1460.671849	672.651563	946.836509	932.205483	490.773465
716.427923	1030.980480	607.469186	841.052429	489.570475	349.863924	1075.640507	91.662307
342.599814	741.050648	309.560336	508.231247	493.625269	412.727078	466.255362	290.174638
513.306226	190.241561	239.672742	586.479246	275.748201	631.378155	287.505353	126.072593
593.146325	362.418116	788.520133	574.755165	339.110302	132.072364	193.394603	875.494218
293.005466	582.051115	1046.321951	549.931473	443.130025	691.329313	491.740356	756.376518
992.079382	1277.836404	659.984967	1144.845404	535.757612	336.391699	465.668471	490.481428
1229.391465	291.576775	1333.895564	367.225450	404.468923	574.136090	646.969836	210.144779
147.314157	302.611188	1158.689238	1187.854947	529.102542	1882.791080	1138.234323	477.272377
599.052898	1015.988496	830.893645	1127.398388	1374.047124	710.381764	1437.560086	546.809382
450.071001	449.002958	719.742141	553.807023	582.641426	727.215279	637.389843	1280.571796
304.227942	999.256098	842.923781	366.862159	328.019126	246.341195	493.226970	1221.841029
837.811397	839.494937	598.303330	566.682368	228.803887	820.858088	560.685685	826.324240
370.205370	1584.017519	607.164516	281.904960	488.773481	1315.981478	695.171651	387.450198
197.460093	443.800560	1149.472651	461.163237	62.246776	480.689024	587.137149	378.406321
805.007104	84.352595	1721.396817	369.836345	904.117526	1116.661878	1214.239062	655.261327
944.208200	289.565677	315.787149	420.262474	1270.547421	702.563898	1224.498877	1235.882984
159.796874	503.499674	975.322254	478.643640	970.592120	82.156202	1131.605000	646.233486
719.671192	375.413688	833.710494	1610.555339	1333.931126	805.475830	116.782743	1967.382271
804.874136	507.071247	737.143558	719.764371	600.751196	298.359591	293.592684	249.234939
153.024342	528.691131	297.020622	144.611738	397.278653	511.608035	447.811763	983.106047
1069.168135	740.277017	1614.860907	698.061669	595.318980	639.847345	1237.429695	403.101627
1020.445675	574.374061	434.212937	592.476529	356.013858	356.061376	301.310225	457.074273
887.781681	893.520565	819.011485	512.616023	323.314040	421.002802	225.479376	217.037979
745.994806	760.508218	555.013176	457.466409	625.959389	491.625540	605.314278	1039.368498
408.380261	757.759898	712.360820	674.476000	1031.386688	743.093071	916.669788	325.449425
988.348401	809.364179	554.585966	860.549352	626.644985	1320.354119	168.431215	850.886450
376.324930	152.054960	456.606470	539.556357	590.049813	1034.986353	361.919622	888.988997
253.599648	2050.364480	246.835068	318.816268	853.889813	169.754332	1167.169011	840.408903
400.243246	128.478286	45.409014	531.594094	450.248577	412.681229	448.312984	825.557047
355.100987	555.627376	1326.273398	853.945915	300.031925	765.449990	670.964185	1034.982246
634.884045	656.375036	588.029814	451.455268	1171.023377	180.703903	809.081694	371.096517
754.449800	1120.672343	306.705019	583.415188	288.071307	591.183347	1142.747457	131.413098
880.754258	991.298076	1620.159020	394.865187	307.471670	489.391858	423.819095	829.264546
600.690696	328.215809	1144.455984	842.942762	1045.228564	449.502468	1714.169041	356.069582
192.094520	597.807897	786.738044	94.845722	1192.866506	730.522672	289.715297	441.900176
1084.549330	788.586275	380.696278	230.341543	713.697612	521.453887	1091.540082	750.895840
524.800915	319.404475	1124.464206	523.677829	401.545063	621.751784	402.101103	316.739974
437.012157	517.695555	1092.923087	212.462809	693.923987	794.533118	1295.034121	1287.943758
378.854709	1158.102003	1457.457289	136.655560	639.903875	407.693685	883.317292	917.436783
693.395698	614.218609	1085.708294	1019.843125	1486.665228	917.518699	1044.784906	165.369526
46.086782	595.225167	656.721545	173.433519	593.388416	266.237001	612.959496	711.492533
388.167248	653.525965	846.609562	820.191098	1096.075214	433.658888	301.008734	1283.622900
1247.516984	534.268250	769.583816	828.809915	332.979612	1447.259004	1211.390317	1343.281476
742.621960	391.530969	936.819286	416.561651	1068.617916	1342.495484	203.062567	873.177960
878.640712	41.144065	549.901980	334.672088	333.438970	725.563703	1333.565147	1887.677210
350.380463	553.198823	554.119177	706.400714	549.631865	831.458320	785.940957	339.821932
112.923093	185.640435	1277.599800	795.584376	1527.175989	508.543785	1243.069688	223.671032
555.015371	428.436985	373.666922	539.234092	1255.429309	700.742776	1398.558186	542.718476
291.487108	614.443346	679.928535	963.340153	665.237622	43.830544	319.078825	805.917102
1100.814585	899.108864	896.155609	789.781892	407.989621	1077.000406	730.797296	1718.119757
392.672514	813.325158	1212.363807	797.776049	506.648485	612.473239	936.453683	126.794941
675.139708	377.338645	967.465374	180.390549	578.957414	1180.634893	704.812231	559.598489
299.949605	1017.621246	370.516025	949.618542	185.852365	1236.525424	1150.848546	256.041836
459.782863	349.183545	762.875891	918.260039	269.582214	998.821493	904.932698	256.684205
1066.609172	572.073203	1466.817218	847.625101	911.619267	1168.754947	1107.880804	629.268896
288.444332	992.113054	125.670868	788.459217	539.028611	259.821273	1600.078826	943.672944
473.754799	309.346615	899.891764	1366.061767	1208.929950	963.699415	885.109245	991.648785
869.130636	797.792110	889.828705	516.969595	206.093444	190.933398	1707.307749	817.954575
947.298725	1271.310839	432.930404	227.866377	446.570053	613.784826	522.854634	1316.326660
856.078048	273.437079	1228.574275	835.575775	1121.687234	1000.034624	1164.093693	820.289507
1194.958158	1822.666179	603.555688	350.910301	822.361576	2052.999756	745.887936	258.089056
341.238702	1274.002159	228.936988	590.747514	1343.089117	700.760770	705.189403	598.184597
586.206582	862.517464	923.954206	844.392274	363.272582	629.982862	182.960944	504.979734
832.368458	421.387589	1042.204035	389.837586	1508.223044	375.038873	1213.302003	548.582463
710.681627	712.534758	116.970366	633.512998	255.246059	1249.103028	1092.297235	368.969299
1044.143369	603.173793	579.233572	344.068705	1086.092883	93.282590	712.109718	245.774922
921.772715	1137.206171	120.879528	635.361880	1490.890925	805.567812	1464.127214	1142.863181
257.303186	911.730566	82.886338	763.745254	874.688087	782.919337	971.224807	828.043326
1064.317387	1091.338513	289.663369	699.854583	657.684076	266.946243	192.815488	1448.594750
62.233834	496.968497	547.323459	292.040879	549.614808	909.083467	975.505542	368.990367
534.440420	1038.091819	838.439026	397.889452	2072.982875	821.248288	1851.379891	1065.071594
1880.944311	643.799561	279.429217	833.183541	825.600955	1395.165940	1251.770846	146.019383
659.004742	1543.382325	1215.254140	846.586307	1052.259236	700.687096	1648.703733	709.395848
585.048636	1602.655375	698.925626	1275.852264	1402.594159	593.576264	762.300302	951.004009
860.122084	659.084995	1625.906132	345.845228	789.186290	1358.597899	900.608752	284.292749
356.094242	1471.993291	936.775754	941.917824	869.871111	1474.273889	586.999468	1865.277727
759.333836	481.069479	885.022104	647.677244	971.306980	430.081024	359.881220	202.837961
598.169081	790.434611	720.987886	739.629975	951.386127	677.130573	1393.951308	799.899447
871.558482	656.560070	274.340772	548.405444	1016.946963	619.591625	1675.510146	1103.118194
1333.125182	461.723233	923.665592	829.789393	1105.352150	654.375848	876.244650	133.629999
279.073131	1931.130563	487.635718	375.417559	1147.603372	331.999824	457.342476	790.434493
623.330921	704.561433	1021.755689	201.973747	333.408896	782.318589	612.986032	775.224121
435.248079	753.274684	107.254116	448.767044	894.369541	1167.888586	756.885147	118.694740
1038.797562	1401.389667	817.192870	1155.605794	1689.402557	238.464759	1077.512645	1072.670383
809.833278	371.095907	928.842088	1370.636121	560.220213	1117.692769	469.362999	411.209800
979.626172	537.999681	581.144372	1681.393024	688.281056	1127.251192	1295.870846	195.065954
1752.768952	206.880070	712.274131	493.742911	680.728401	940.910231	1061.941088	676.349092
673.057251	1235.576080	755.999049	1000.935094	1182.707593	650.092493	1061.914603	945.867789
308.461746	1293.897262	466.937228	529.700122	240.951548	354.814355	382.252350	1198.438046
1103.384849	70.392614	456.840132	429.022617	510.750444	614.105014	1290.317451	596.171981
496.471267	1147.460076	699.354770	402.319020	881.235071	605.919755	1471.659098	101.573711
396.502010	1241.604053	999.690702	685.448758	325.529293	897.214300	429.032287	507.655503
1000.567089	935.730263	1604.182892	1401.960681	1794.396974	901.072625	1004.639581	562.557414
576.998917	1329.759236	647.653264	749.394839	616.528690	546.955237	975.108872	441.327614
828.674016	768.329967	935.657656	1115.395277	572.151013	1186.186642	1281.295341	776.425825
1640.834010	538.830736	913.324319	588.918819	1643.720247	484.747292	514.043286	687.880190
722.063861	562.540526	205.688763	1039.810800	1106.819769	1008.840609	1630.613152	177.222346
1095.842484	557.186263	88.801619	603.593147	416.058327	607.104964	132.491900	2072.656749