knocks

knuckle-knock
5055.025618
7987.290655
15924.22004
14405.98931
23531.09534
17475.56374
20316.90606
15767.80314
21300.52995
18470.37758
18329.63851
28575.73236
34399.04185
36483.87172
19649.48773
18766.06981
11931.24905
18131.92191
19550.36818
8286.651435
13194.36061
9708.093531
8922.931805
9029.334859
5671.389248
3076.40797
6958.51076
6131.166284
6656.134013
5435.503289
4212.153843
5368.318359
4216.823923
2882.69596
4801.419165
4188.159978
4152.182077
1996.918
1740.331003
1891.921378
4168.17706
2094.205458
3052.396272
2934.012952
3128.425003
4587.397083
3605.8239
2823.193405
4415.617737
3254.887863
3254.887863
3299.503447
3168.331738
2078.962121
2193.183645
1152.897112
1094.004228
993.559038
1312.274457
1936.016141
1345.352974
1254.56352
701.494253
266.412187
1292.515522
1363.824998
1294.327625
1813.77755
940.284831
492.77291
833.490777
1026.9263
1008.684911
847.813106
433.69879
1746.649221
942.134578
740.190516
338.536199
87.223912
429.351983
705.891502
233.135137
849.941469
499.16125
252.634687
177.387751
67.263155
973.670632
349.493909
918.227368
496.438299
1194.001047
883.883264
490.350767
875.041249
1779.591737
869.713063
465.156257
703.890705
702.615204

fingertip
4063.931594
4494.741594
8049.137097
9138.91197
14850.35973
13389.11976
24207.95902
21965.33414
34754.27064
37721.59912
47439.51703
63557.13574
71023.80356
67237.80651
36019.53248
32333.58724
20270.9905
24655.70798
25610.82646
15121.03859
15795.50417
10912.98749
10777.17328
8273.894367
6689.454387
2257.5067
2469.034528
3594.226481
3684.525614
266.202989
2094.608675
1038.292468
3065.886006
223.533555
2037.580367
2302.470304
826.351469
1984.281608
1885.026459
957.719655
1553.651827
1155.818757
1491.299098
1628.71414
1801.372463
1326.280136
1137.440658
921.260549
518.104418
585.714601
585.714601
1399.433591
1149.972608
1445.695896
1091.708981
967.495413
395.139948
909.016639
145.473231
873.518066
790.587875
665.31959
282.9955
436.734294
567.431356
834.025554
649.23349
654.892978
549.177965
448.141457
520.771603
902.333503
939.820628
509.974678
592.399992
1029.742686
583.569779
391.074222
303.972976
270.847238
476.242356
1357.642166
180.054468
532.292008
861.6111
841.111356
579.596277
104.842027
263.548294
608.087704
897.916825
620.531929
46.036498
214.158099
414.165332
14.16387
252.220723
286.853131
524.613757
241.547857
524.23316

loud-step
1169.098317
5357.965099
2675.614042
11183.22458
5153.001455
8492.045219
9507.324334
6112.478712
7975.130344
8141.382192
4907.268079
10549.81592
6754.622121
8004.373804
12385.78734
14762.12884
18454.6068
6483.192732
13062.89524
11881.99781
5154.037641
8203.232534
10578.12724
12169.0565
5374.413829
1129.526394
1565.914749
2805.441142
2519.007443
2594.442715
2987.683383
1600.200378
1866.83904
2043.580803
1213.549391
1407.440141
1701.860673
3259.443971
42.548693
1239.875901
698.430115
2176.658448
1251.45795
2325.997635
832.106589
904.109576
812.390685
1289.178178
1435.220236
888.913557
888.913557
4417.954278
2489.115606
1184.807316
2214.1294
1807.529737
651.105718
1051.634086
1136.622519
1957.300373
1936.796582
674.248331
2197.900817
1769.793208
1060.038384
3675.904787
1260.160605
2703.691735
3180.005975
2679.246722
2665.204776
2753.50177
1828.207182
2155.59261
2538.435246
2213.205368
2446.113346
1370.326831
1468.788106
1639.975381
1714.179396
1674.261628
666.693427
420.757149
689.514412
1531.907879
1054.770117
672.460594
497.528171
160.589819
477.657353
1030.574172
999.568313
1044.953528
237.780722
791.164569
536.131164
686.78258
1645.75112
1271.705155
2260.58112

door-slap
38476.27092
43592.64232
23519.65306
16341.09176
3860.200124
8280.342022
2498.135705
3417.674502
780.422362
1750.188918
2681.723513
1208.39201
3273.414731
3658.375322
5823.118752
6343.568712
2268.086859
2189.337228
2385.370831
1866.512858
1911.367181
243.438407
619.267208
627.779694
187.090636
892.496779
783.255386
1020.213427
1635.426168
1177.04179
2232.202164
891.335795
1229.541785
92.781687
822.06991
875.363496
929.751076
612.912897
1212.670143
641.261111
671.694801
713.777145
714.389403
836.371889
484.40008
325.151791
95.62046
775.478481
184.891924
184.891924
3042.908148
3760.879418
1595.081189
1615.911662
547.746691
1311.412168
1835.507287
1294.164209
731.23547
757.85029
1339.732902
1359.985294
401.430528
327.57653
1134.467937
955.503401
629.376154
1022.20928
1304.192806
18.421509
313.335097
1560.20848
1008.780142
693.877196
618.421706
1461.132266
1574.73474
220.356813
288.529732
565.463223
978.129305
630.061753
1743.557713
1154.883652
1005.593575
713.080641
1049.215719
686.02633
261.132943
769.190727
694.490776
648.570929
349.049021
126.944639
289.977949
283.412327
562.512722
454.164446
1193.163023
310.921476

estimate
36314.87172
36339.87172
36362.87172
36383.87172
36402.87172
36419.87172
36434.87172
36447.87172
36458.87172
36467.87172
36474.87172
36479.87172
36482.87172
36483.87172
36482.87172
36479.87172
36474.87172
36467.87172
36458.87172
36447.87172
36434.87172
36419.87172
36402.87172
36383.87172
36362.87172
36339.87172
36314.87172
36287.87172
36258.87172
36227.87172
36194.87172
36159.87172
36122.87172
36083.87172
36042.87172
35999.87172
35954.87172
35907.87172
35858.87172
35807.87172
35754.87172
35699.87172
35642.87172
35583.87172
35522.87172
35459.87172
35394.87172
35327.87172
35258.87172
35187.87172
35114.87172
35039.87172
34962.87172
34883.87172
34802.87172
34719.87172
34634.87172
34547.87172
34458.87172
34367.87172
34274.87172
34179.87172
34082.87172
33983.87172
33882.87172
33779.87172
33674.87172
33567.87172
33458.87172
33347.87172
33234.87172
33119.87172
33002.87172
32883.87172
32762.871720000003
32639.871720000003
32514.871720000003
32387.871720000003
32258.871720000003
32127.871720000003
31994.871720000003
31859.871720000003
31722.871720000003
31583.871720000003
31442.871720000003
31299.871720000003
31154.871720000003
31007.871720000003
30858.871720000003
30707.871720000003
30554.871720000003
30399.871720000003
30242.871720000003
30083.871720000003
29922.871720000003
29759.871720000003
29594.871720000003
29427.871720000003
29258.871720000003
29087.871720000003
28914.871720000003
