2097
2100
2101
2108
2108
2095
2101
2123
2115
2114
2113
2106
2105
2111
2103
2085
2083
2091
2093
2085
2098
2093
2095
2089
2095
2087
2092
2083
2075
2076
2085
2085
2086
2077
2075
2067
2081
2090
2089
2089
2093
2098
2093
2091
2076
2078
2093
2105
2103
2112
2091
2098
2093
2085
2080
2081
2079
2088
2088
2079
2089
2089
2094
2096
2093
2079
2095
2097
2086
2090
2084
2078
2081
2083
2083
2095
2094
2073
2078
2089
2096
2087
2093
2088
2081
2078
2076
2086
2085
2090
2098
2086
2085
2092
2089
2094
2084
2072
2070
2079
2077
2077
2082
2083
2086
2086
2092
2087
2090
2097
2087
2086
2088
2094
2093
2107
2104
2108
2102
2086
2103
2094
2085
2095
2100
2113
2100
2103
2109
2103
2097
2091
2078
2086
2075
2058
2043
2114
2107
2100
2095
2109
2097
2074
2076
2087
2097
2090
2092
2103
2105
2112
2108
2107
2115
2104
2092
2105
2098
2084
2096
2108
2126
2126
2133
2132
2133
2112
2121
2104
2105
2112
2111
2108
2113
2105
2121
2085
2068
2076
2088
2089
2105
2120
2122
2112
2114
2098
2094
2102
2104
2090
2095
2096
2094
2085
2090
2104
2108
2102
2088
2079
2041
2062
1978
1966
2078
2364
2743
2995
3003
2730
2297
2026
1848
1854
2077
2383
2098
2092
2106
2067
1990
1985
1931
1893
1940
1893
1927
1900
2088
2429
2684
2670
2500
2275
2090
1983
2023
2195
2287
2392
2305
2098
2004
1917
1836
1661
1546
1364
1321
1278
1338
1361
1474
1623
1782
1873
1888
1927
1946
2057
2201
2365
2480
2460
2337
2137
1955
1733
1719
1843
2102
2398
2580
2155
2235
2197
2122
2123
2100
2076
2064
2056
2059
2027
2054
1964
1940
1914
1962
2264
2399
2479
2477
2471
2456
2453
2431
2480
2382
2313
2161
2093
1990
2022
2124
2274
2384
2424
2416
2306
2095
1996
1939
1879
1921
1906
2120
2135
2131
2137
2149
2159
2172
2201
2168
2249
2225
2231
2409
2370
2247
2186
2090
2079
2056
2031
2068
2009
2039
2066
2058
2054
2071
2109
2136
2163
2190
2144
2198
2179
2183
2185
2150
2154
2114
2061
2019
2062
2080
2122
2202
2203
2197
2130
2079
1968
1882
1856
1826
1826
1876
1954
1958
1990
2011
2016
2008
1989
1960
1954
1985
2041
2118
2151
2182
2107
2109
2093
2057
1975
1965
1936
1917
1973
1965
1969
1987
2007
2008
1991
1977
1976
1978
1985
2002
2019
2031
2059
2000
2013
2013
2004
2013
2055
2071
2114
2191
2199
2177
2144
2165
2155
2110
2037
2066
2008
2061
2047
2105
2101
2089
2078
2098
2117
2157
2202
2150
2197
2161
2143
2176
2102
2126
2128
2128
2127
2127
2137
2158
2190
2136
2181
2135
2168
2201
2134
2161
2166
2148
2140
2153
2147
2148
2163
2164
2179
2102
2139
2179
2128
2057
2051
2036
2092
2070
2063
2042
2082
2032
2081
2052
2022
2080
2106
2156
2191
2125
2120
2098
2035
2038
2032
2038
2024
2021
2004
2003
2021
2023
2025
2052
2003
2038
2074
2071
2068
2053
2025
2071
2026
2063
2002
1999
1994
1975
1966
1987
2024
2083
2052
2021
2051
2017
2038
2095
2072
2064
2053
2062
2088
2114
2110
2110
2099
2096
2091
2088
2091
2094
2094
2100
2116
2123
2131
2153
2139
2117
2112
2119
2145
2199
2175
2271
2243
2215
2188
2179
2123
2153
2161
2158
2169
2212
2205
2206
2183
2153
2150
2143
2128
2130
2124
2131
2126
2145
2156
2166
2176
2179
2128
2186
2148
2184
2127
2157
2165
2209
2154
2108
2152
2179
2094
2124
2159
2162
2159
2169
2193
2114
2128
2151
2157
2149
2157
2118
2107
2112
2114
2113
2124
2149
2166
2196
2134
2132
2115
2060
2014
2073
2098
2097
2109
2114
2127
2127
2132
2135
2133
2145
2132
2129
2114
2105
2100
2078
2077
2075
2079
2091
2095
2105
2117
2117
2105
2109
2120
2102
2065
2040
2080
2044
2079
2067
2091
2117
2147
2139
2113
2091
2068
2072
2072
2083
2112
2130
2129
2134
2140
2122
2093
2094
2054
2054
2058
2066
2067
2073
2063
2062
2044
2088
2057
2028
2067
2062
2052
2044
2126
2109
2105
2096
2089
2088
2094
2094
2094
2143
2176
2110
2101
2109
2110
2099
2083
2069
2060
2054
2043
2119
2102
2203
2108
2115
2131
2151
2171
2168
2166
2157
2139
2101
2076
2040
2086
2072
2074
2093
2106
2103
2109
2132
2148
2149
2090
2102
2097
2092
2092
2088
2082
2040
2090
2061
2040
2087
1992
1977
1975
2000
2043
2070
2023
2056
2002
2028
2051
2003
2085
2109
2158
2186
2124
2130
2082
2027
2057
1999
1996
2111
2096
2084
2087
2084
2091
2085
2102
2114
2125
2134
2136
2149
2150
2150
2160
2168
2109
2114
2121
2135
2131
2136
2123
2135
2118
2115
2135
2147
2146
2183
2138
2182
2129
2167
2194
2124
2137
2150
2148
2141
2127
2105
2107
2117
2130
2135
2220
2160
2179
2139
2174
2202
2116
2155
2159
2167
2159
2152
2158
2169
2238
2187
2144
2164
2182
2082
2058
2032
2082
2110
2104
2100
2102
2111
2116
2134
2153
2170
2153
2155
2153
2164
2177
2091
2107
2106
2084
2066
2059
2037
2037
2060
2024
2096
2087
2069
2063
2082
2095
2108
2125
2130
2137
2124
2132
2128
2120
2089
2087
2063
2040
2111
2104
2089
2082
2071
2063
2070
2069
2066
2044
2099
2069
2051
2028
2096
2070
2040
2101
2086
2076
2090
2090
2085
2087
2083
2078
2077
2081
2056
2038
2096
2068
2119
2131
2143
2177
2101
2106
2123
2112
2096
2082
2062
2037
2101
2079
2072
2072
2071
2073
2074
2083
2112
2143
2159
2163
2172
2163
2158
2143
2138
2124
2134
2126
2128
2105
2118
2109
2123
2132
2142
2157
2168
2180
2099
2106
2114
2112
2107
2110
2113
2113
2114
2105
2112
2131
2141
2146
2151
2145
2139
2133
2123
2117
2118
2114
2129
2140
2149
2155
2171
2182
2116
2147
2149
2163
2153
2150
2131
2119
2117
2102
2096
2077
2097
2112
2113
2126
2126
2124
2135
2136
2144
2151
2162
2163
2149
2118
2116
2106
2109
2098
2091
2087
2094
2089
2104
2104
2109
2111
2109
2105