2074
2080
2080
2081
2082
2074
2071
2088
2094
2096
2088
2080
2095
2082
2080
2078
2086
2093
2078
2085
2098
2093
2095
2089
2095
2087
2092
2083
2075
2076
2085
2085
2086
2077
2078
2095
2084
2082
2084
2075
2078
2085
2101
2094
2095
2091
2091
2093
2095
2103
2095
2094
2096
2100
2087
2096
2096
2091
2092
2093
2089
2095
2085
2096
2093
2079
2095
2097
2086
2090
2084
2078
2081
2083
2083
2095
2094
2073
2078
2089
2096
2087
2093
2088
2081
2078
2076
2086
2085
2090
2098
2086
2085
2092
2089
2094
2084
2072
2070
2079
2077
2077
2082
2083
2070
2080
2077
2079
2084
2076
2077
2094
2094
2095
2088
2089
2104
2108
2102
2086
2103
2094
2085
2095
2100
2113
2100
2103
2109
2103
2097
2091
2078
2086
2075
2058
2043
2114
2107
2100
2095
2109
2097
2088
2090
2087
2086
2085
2089
2096
2090
2089
2077
2088
2106
2104
2094
2088
2093
2088
2094
2082
2089
2091
2080
2089
2087
2086
2079
2092
2097
2092
2094
2099
2095
2080
2075
2085
2068
2076
2088
2089
2105
2111
2105
2099
2082
2058
2060
2071
2081
2082
2085
2097
2091
2085
2090
2104
2108
2102
2088
2079
2041
2062
1978
1966
2078
2364
2743
2995
3003
2730
2297
2026
1848
1854
2077
2383
2656
2752
2575
2220
1888
1635
1529
1552
1530
1602
1622
1817
2088
2429
2684
2670
2500
2275
2090
1983
2023
2195
2287
2392
2305
2098
2004
1917
1836
1661
1546
1364
1321
1278
1338
1361
1474
1623
1782
1873
1888
1927
1946
2057
2201
2365
2480
2460
2337
2137
1955
1733
1719
1843
2102
2398
2580
2452
2218
1960
1710
1623
1682
1776
1976
2063
2130
2200
2169
2179
2063
2090
2186
2264
2399
2479
2477
2471
2456
2453
2431
2480
2382
2313
2161
2093
1990
2022
2124
2274
2384
2424
2416
2306
2095
1996
1939
1879
1921
1906
1983
2008
2060
2090
2168
2288
2365
2413
2515
2549
2585
2476
2409
2370
2247
2186
2090
2079
2056
2031
2068
2009
2039
2066
2058
2054
2071
2109
2136
2163
2190
2144
2198
2179
2183
2185
2150
2154
2114
2061
2019
2062
2080
2122
2202
2203
2197
2130
2079
1968
1882
1856
1826
1826
1876
1954
1958
1990
2011
2016
2008
1989
1960
1954
1985
2041
2118
2151
2182
2107
2109
2093
2057
1975
1965
1936
1917
1973
1965
1969
1987
2007
2008
1991
1977
1976
1978
1985
2002
2019
2031
2059
2000
2013
2013
2004
2013
2055
2071
2114
2191
2199
2177
2144
2165
2155
2110
2037
2066
2008
2061
2047
2105
2101
2089
2078
2098
2117
2157
2202
2150
2197
2161
2219
2167
2194
2123
2151
2202
2204
2225
2269
2344
2322
2319
2292
2329
2196
2153
2180
2116
2155
2170
2167
2153
2147
2148
2163
2164
2179
2102
2139
2179
2128
2158
2166
2182
2107
2127
2141
2130
2075
2010
2020
2031
2076
2080
2106
2156
2191
2125
2120
2098
2035
2038
2032
2038
2024
2021
2004
2003
2021
2023
2025
2052
2003
2038
2074
2071
2068
2053
2025
2071
2026
2063
2002
1999
1994
1975
1966
1987
2024
2083
2052
2021
2051
2017
2038
2095
2072
2064
2053
2062
2088
2114
2120
2124
2132
2132
2126
2134
2130
2137
2144
2156
2165
2190
2131
2153
2139
2117
2112
2119
2145
2199
2175
2271
2243
2215
2188
2179
2123
2153
2161
2158
2169
2212
2205
2206
2183
2117
2124
2095
2073
2089
2127
2198
2181
2149
2222
2183
2140
2179
2128
2186
2148
2184
2127
2157
2165
2209
2154
2211
2150
2171
2157
2115
2067
2022
2080
2066
2079
2084
2071
2042
2112
2108
2113
2118
2107
2112
2114
2113
2124
2149
2166
2196
2134
2132
2115
2060
2014
2073
2062
2078
2095
2102
2080
2035
2077
2053
2044
2094
2083
2078
2045
2056
2003
2035
2077
2075
2079
2091
2095
2105
2133
2144
2120
2062
1980
1969
1939
1928
1940
1988
2063
2060
2091
2117
2147
2139
2113
2091
2068
2072
2072
2083
2112
2130
2129
2134
2140
2122
2093
2094
2093
2096
2113
2123
2129
2120
2088
2040
2044
2065
2017
2077
2067
2099
2144
2190
2149
2188
2124
2152
2139
2118
2104
2100
2120
2143
2176
2118
2134
2139
2149
2162
2148
2139
2121
2123
2128
2134
2155
2203
2160
2249
2216
2195
2183
2150
2162
2156
2121
2070
2013
2042
2086
2072
2074
2093
2106
2103
2109
2132
2148
2149
2139
2126
2120
2118
2125
2130
2120
2103
2096
2071
2036
2059
1992
1977
1975
2000
2043
2070
2023
2056
2002
2028
2051
2003
2085
2109
2158
2186
2124
2130
2082
2027
2057
1999
1996
1994
2002
2017
2056
2016
2080
2076
2093
2124
2140
2160
2147
2149
2150
2150
2160
2168
2174
2156
2144
2133
2111
2118
2117
2134
2159
2187
2128
2176
2146
2183
2138
2182
2129
2167
2195
2123
2136
2136
2119
2113
2106
2110
2103
2111
2144
2174
2220
2185
2161
2209
2164
2194
2127
2162
2194
2143
2194
2153
2208
2169
2238
2187
2144
2164
2182
2082
2058
2032
2082
2069
2071
2091
2131
2167
2206
2164
2198
2144
2192
2132
2159
2182
2127
2147
2141
2127
2106
2074
2020
2025
2037
2060
2024
2096
2087
2069
2063
2082
2095
2108
2125
2130
2137
2124
2086
2044
2086
2054
2019
2072
2042
2086
2072
2064
2066
2053
2012
2064
2024
2052
1982
1989
2004
2051
2027
2108
2093
2093
2096
2107
2099
2093
2094
2089
2071
2036
2079
2029
2072
2027
2078
2053
2043
2119
2131
2143
2177
2101
2106
2100
2063
1995
2001
1991
2005
2039
2079
2068
2070
2079
2108
2143
2177
2129
2179
2100
2096
2077
2056
2042
2119
2111
2117
2143
2158
2180
2115
2141
2172
2201
2158
2191
2128
2166
2179
2105
2133
2157
2164
2192
2127
2188
2154
2205
2154
2197
2155
2200
2136
2160
2155
2143
2120
2118
2129
2158
2198
2161
2235
2205
2155
2203
2156
2201
2143
2154
2142
2122
2094
2099
2084
2091
2109
2137
2159
2172
2196
2113
2117
2114
2087
2081
2079
2100
2130
2147
2150
2149
2120
2089
2068
2051
2050
2054
2055
2072
2085
2071
2055
2054
2022
2068
2019