500
506.1320736302209
512.2410675199217
518.3039887955141
524.2980179903263
530.2005949319229
535.9895036534988
541.6429560097637
547.1396736825998
552.4589682678469
557.5808191417846
562.4859488142387
567.1558954847019
571.5730825283819
575.7208846506485
579.5836904608883
583.1469612302545
586.3972856121586
589.3224301195515
591.9113851690057
594.154406518302
596.0430519415565
597.5702130038528
598.7301418157858
599.5184726672197
599.932238458835
599.9698818696204
599.6312612182778
598.9176509964781
597.8317370719627
596.377606579544
594.5607325380521
592.3879532511287
589.8674465693954
587.0086991108711
583.8224705554838
580.3207531480645
576.5167265622459
572.4247082951467
568.0600997795453
563.4393284163646
558.5797857456439
553.4997619887097
548.2183772079123
542.7555093430282
537.1317193951837
531.3681740398891
525.4865659604515
519.5090322016129
513.4580708507126
507.3564563599668
501.227153828572
495.0932325672582
488.9777792706117
482.9038111239699
476.8941891719329
470.9715322745538
465.15813197505656
459.47586859950104
453.946128904176
448.58972558067785
443.4268189216387
438.4768409419373
433.75842224098284
429.28932188134524
425.0863605476541
421.16535723733944
417.5410697214975
414.2271389999728
411.2360379597146
408.57902442964695
406.2660988087425
404.3059664267791
402.70600477944396
401.4722357611059
400.6093029997644
400.12045437948274
400.00752981608554
400.27095433213094
400.909736457222
401.921471959677
403.3023528955148
405.0471819406963
407.14939195267846
409.6010706876557
412.3929905804593
415.5146434750293
418.9542801747405
422.69895466372634
426.73457283275866
431.0459455262933
435.61684571102086
440.4300695507567
445.4675011577953
450.71018077702155
456.1383761461472
461.73165676349095
467.46897078377367
473.32872425251014
479.28886238077814
485.3269525544638
491.420268765556
497.5458771477088
503.6807222941359
509.801714032956
515.8858143333861
521.910124015687
527.8519689385054
533.688985339222
539.3992040061048
544.9611329654607
550.3538383725718
555.5570233019602
560.5511041404326
565.3172842953777
569.8376249408973
574.0951125354959
578.0737228572094
581.7584813151584
585.1355193105264
588.1921264348355
590.9167983090522
593.2992798834739
595.3306040354194
597.0031253194544
598.3105487431217
599.247953459871
599.8118112900149
600
599.8118112900149
599.247953459871
598.3105487431217
597.0031253194544
595.3306040354194
593.2992798834739
590.9167983090522
588.1921264348355
585.1355193105265
581.7584813151584
578.0737228572094
574.095112535496
569.8376249408973
565.3172842953777
560.5511041404325
555.5570233019603
550.3538383725718
544.9611329654606
539.3992040061048
533.6889853392221
527.8519689385053
521.9101240156871
515.8858143333863
509.80171403295606
503.68072229413593
497.5458771477087
491.42026876555605
485.3269525544639
479.28886238077814
473.3287242525102
467.4689707837738
461.731656763491
456.13837614614727
450.7101807770217
445.46750115779537
440.43006955075674
435.6168457110208
431.04594552629334
426.7345728327588
422.6989546637263
418.9542801747406
415.51464347502935
412.39299058045935
409.6010706876557
407.14939195267846
405.04718194069636
403.3023528955148
401.9214719596769
400.90973645722204
400.270954332131
400.00752981608554
400.12045437948274
400.6093029997644
401.4722357611059
402.70600477944396
404.3059664267791
406.26609880874247
408.5790244296469
411.2360379597146
414.2271389999728
417.5410697214974
421.1653572373394
425.086360547654
429.28932188134513
433.75842224098284
438.47684094193727
443.4268189216387
448.5897255806778
453.9461289041759
459.47586859950104
465.1581319750565
470.9715322745536
476.89418917193285
482.9038111239698
488.97777927061173
495.09323256725816
501.2271538285719
507.3564563599668
513.4580708507126
519.5090322016127
525.4865659604515
531.368174039889
537.1317193951836
542.7555093430282
548.2183772079122
553.4997619887098
558.5797857456439
563.4393284163644
568.0600997795453
572.4247082951466
576.5167265622458
580.3207531480645
583.8224705554837
587.0086991108711
589.8674465693954
592.3879532511287
594.5607325380521
596.377606579544
597.8317370719627
598.9176509964781
599.6312612182778
599.9698818696204
599.932238458835
599.5184726672197
598.7301418157858
597.5702130038528
596.0430519415567
594.154406518302
591.9113851690058
589.3224301195515
586.3972856121587
583.1469612302545
579.5836904608884
575.7208846506485
571.573082528382
567.1558954847019
562.4859488142387
557.5808191417847
552.4589682678469
547.1396736825998
541.6429560097638
535.9895036534988
530.2005949319229
524.2980179903263
518.3039887955141
512.2410675199217
506.1320736302209
500.00000000000006
493.86792636977924
487.7589324800784
481.69601120448596
475.70198200967377
469.79940506807725
464.01049634650127
458.35704399023643
452.86032631740045
447.54103173215304
442.4191808582155
437.51405118576145
432.8441045152983
428.42691747161825
424.2791153493515
420.41630953911164
416.8530387697455
413.6027143878414
410.6775698804486
408.0886148309943
405.8455934816979
403.9569480584434
402.4297869961472
401.2698581842142
400.48152733278033
400.06776154116505
400.0301181303796
400.3687387817222
401.08234900352187
402.1682629280372
403.62239342045604
405.4392674619479
407.6120467488713
410.13255343060456
412.99130088912875
416.1775294445161
419.67924685193555
423.4832734377541
427.57529170485327
431.9399002204546
436.56067158363527
441.4202142543562
446.5002380112903
451.7816227920877
457.2444906569717
462.8682806048161
468.63182596011063
474.5134340395486
480.49096779838715
486.5419291492873
492.6435436400331
498.77284617142783
504.9067674327419
511.0222207293883
517.09618887603
523.105810828067
529.028467725446
534.8418680249432
540.5241314004991
546.053871095824
551.4102744193221
556.5731810783612
561.5231590580626
566.2415777590172
570.7106781186548
574.9136394523459
578.8346427626606
582.4589302785024
585.7728610000271
588.7639620402854
591.4209755703531
593.7339011912575
595.6940335732208
597.293995220556
598.5277642388942
599.3906970002356
599.8795456205172
599.9924701839144
599.7290456678691
599.090263542778
598.078528040323
596.6976471044852
594.9528180593037
592.8506080473217
590.3989293123444
587.6070094195406
584.4853565249707
581.0457198252595
577.3010453362738
573.2654271672415
568.9540544737066
564.3831542889791
559.5699304492433
554.5324988422047
549.2898192229785
543.861623853853
538.2683432365089
532.5310292162263
526.6712757474899
520.711137619222
514.6730474455364
508.5797312344439
502.4541228522912
496.3192777058642
490.19828596704406
484.11418566661405
478.08987598431327
472.14803106149463
466.311014660778
460.60079599389525
455.03886703453946
449.64616162742846
444.44297669803973
439.4488958595675
434.68271570462235
430.1623750591028
425.9048874645042
421.9262771427907
418.2415186848416
414.8644806894735
411.8078735651645
409.0832016909478
406.7007201165262
404.6693959645806
402.9968746805456
401.6894512568784
400.752046540129
400.18818870998507
400
400.18818870998507
400.752046540129
401.68945125687833
402.99687468054555
404.66939596458053
406.70072011652616
409.08320169094776
411.80787356516447
414.8644806894734
418.2415186848415
421.9262771427906
425.9048874645041
430.16237505910266
434.68271570462224
439.4488958595673
444.44297669803956
449.6461616274283
455.0388670345393
460.6007959938951
466.31101466077786
472.14803106149446
478.0898759843131
484.1141856666139
490.1982859670439
496.319277705864
502.45412285229105
508.5797312344437
514.6730474455362
520.7111376192219
526.6712757474897
532.5310292162261
538.2683432365087
543.8616238538528
549.2898192229784
554.5324988422046
559.5699304492432
564.383154288979
568.9540544737065
573.2654271672413
577.3010453362737
581.0457198252594
584.4853565249706
587.6070094195405
590.3989293123443
592.8506080473215
594.9528180593037
596.6976471044852
598.078528040323
599.090263542778
599.7290456678691
599.9924701839144
599.8795456205172
599.3906970002356
598.5277642388942
597.293995220556
595.6940335732208
593.7339011912575
591.4209755703531
588.7639620402855
585.7728610000272
582.4589302785025
578.8346427626607
574.913639452346
570.7106781186549
566.2415777590173
561.5231590580627
556.5731810783614
551.4102744193223
546.0538710958242
540.5241314004992
534.8418680249434
529.0284677254463
523.1058108280672
517.0961888760303
511.0222207293885
504.9067674327421
498.772846171428
492.64354364003333
486.5419291492875
480.4909677983874
474.51343403954877
468.6318259601108
462.8682806048163
457.2444906569719
451.78162279208783
446.50023801129043
441.4202142543563
436.56067158363544
431.9399002204547
427.5752917048534
423.48327343775424
419.67924685193566
416.17752944451615
412.99130088912887
410.1325534306047
407.61204674887136
405.43926746194796
403.6223934204561
402.1682629280372
401.0823490035219
400.3687387817222
400.0301181303796
400.06776154116505
400.48152733278033
401.2698581842142
402.42978699614713
403.9569480584434
405.84559348169785
408.08861483099423
410.67756988044846
413.6027143878413
416.8530387697454
420.4163095391115
424.2791153493514
428.42691747161814
432.8441045152981
437.5140511857613
442.4191808582153
447.54103173215293
452.8603263174003
458.35704399023626
464.0104963465011
469.7994050680771
475.70198200967343
481.6960112044856
487.7589324800784
493.86792636977907
499.9999999999999
506.13207363022065
512.2410675199213
518.3039887955141
524.2980179903263
530.2005949319228
535.9895036534987
541.6429560097636
547.1396736825996
552.4589682678469
557.5808191417844
562.4859488142386
567.1558954847017
571.5730825283816
575.7208846506483
579.5836904608881
583.1469612302543
586.3972856121587
589.3224301195515
591.9113851690058
594.154406518302
596.0430519415565
597.5702130038528
598.7301418157858
599.5184726672196
599.932238458835
599.9698818696204
599.6312612182778
598.9176509964781
597.8317370719627
596.377606579544
594.5607325380521
592.3879532511287
589.8674465693955
587.0086991108712
583.822470555484
580.3207531480647
576.5167265622462
572.4247082951471
568.0600997795452
563.4393284163644
558.5797857456439
553.4997619887098
548.2183772079123
542.7555093430284
537.131719395184
531.3681740398894
525.4865659604518
519.5090322016132
513.458070850713
507.35645635996656
501.2271538285719
495.09323256725816
488.97777927061173
482.90381112397
476.8941891719331
470.97153227455397
465.15813197505685
459.4758685995013
453.94612890417636
448.5897255806776
443.4268189216385
438.47684094193727
433.75842224098284
429.2893218813453
425.0863605476541
421.1653572373395
417.5410697214976
414.22713899997296
411.2360379597148
408.5790244296471
406.2660988087424
404.3059664267791
402.70600477944396
401.4722357611059
400.6093029997644
400.12045437948274
400.00752981608554
400.27095433213094
400.909736457222
401.92147195967686
403.3023528955147
405.0471819406964
407.1493919526785
409.6010706876557
412.39299058045935
415.51464347502923
418.95428017474046
422.69895466372617
426.73457283275854
431.04594552629305
435.6168457110206
440.4300695507563
445.4675011577955
450.7101807770217
456.13837614614727
461.731656763491
467.4689707837736
473.32872425251
479.2888623807779
485.32695255446356
491.42026876555565
497.5458771477084
503.6807222941354
509.8017140329562
515.8858143333863
521.9101240156871
527.8519689385053
533.688985339222
539.3992040061047
544.9611329654605
550.3538383725715
555.5570233019599
560.5511041404322
565.3172842953774
569.8376249408974
574.095112535496
578.0737228572094
581.7584813151584
585.1355193105264
588.1921264348355
590.9167983090522
593.2992798834738
595.3306040354192
597.0031253194543
598.3105487431216
599.247953459871
599.8118112900149
600
599.8118112900149
599.247953459871
598.3105487431217
597.0031253194544
595.3306040354195
593.299279883474
590.9167983090524
588.1921264348357
585.1355193105264
581.7584813151583
578.0737228572094
574.0951125354959
569.8376249408974
565.3172842953778
560.5511041404327
555.5570233019605
550.3538383725721
544.961132965461
539.3992040061053
533.6889853392219
527.8519689385053
521.910124015687
515.8858143333862
509.80171403295617
503.68072229413605
497.545877147709
491.42026876555633
485.3269525544642
479.2888623807786
473.32872425250997
467.4689707837736
461.73165676349095
456.13837614614727
450.71018077702166
445.4675011577955
440.4300695507568
435.616845711021
431.04594552629356
426.734572832759
422.6989546637266
418.9542801747404
415.51464347502923
412.3929905804593
409.6010706876557
407.14939195267846
405.04718194069636
403.30235289551484
401.92147195967704
400.90973645722204
400.270954332131
400.00752981608554
400.1204543794828
400.6093029997644
401.4722357611059
402.70600477944396
404.3059664267791
406.26609880874247
408.57902442964684
411.23603795971445
414.2271389999726
417.54106972149725
421.1653572373391
425.0863605476542
429.2893218813453
433.75842224098284
438.47684094193727
443.4268189216386
448.5897255806777
453.9461289041758
459.47586859950076
465.1581319750562
470.97153227455334
476.8941891719324
482.90381112397
488.9777792706118
495.0932325672582
501.22715382857194
507.3564563599666
513.4580708507125
519.5090322016126
525.4865659604511
531.3681740398888
537.1317193951834
542.7555093430277
548.2183772079125
553.4997619887098
558.5797857456439
563.4393284163646
568.0600997795452
572.4247082951465
576.5167265622457
580.3207531480643
583.8224705554836
587.0086991108709
589.8674465693952
592.3879532511287
594.5607325380522
596.377606579544
597.8317370719627
598.9176509964781
599.6312612182778
599.9698818696204
599.932238458835
599.5184726672197
598.7301418157859
597.5702130038529
596.0430519415565
594.154406518302
591.9113851690057
589.3224301195515
586.3972856121587
583.1469612302546
579.5836904608885
575.7208846506487
571.5730825283822
567.1558954847022
562.485948814239
557.5808191417844
552.4589682678469
547.1396736825998
541.6429560097638
535.9895036534989
530.200594931923
524.2980179903267
518.3039887955144
512.241067519922
506.1320736302213
500.0000000000005
493.867926369779
487.75893248007833
481.6960112044859
475.7019820096737
469.79940506807736
464.0104963465014
458.35704399023655
452.86032631740056
447.5410317321535
442.41918085821584
437.5140511857612
432.8441045152981
428.42691747161814
424.27911534935157
420.4163095391117
416.8530387697456
413.60271438784144
410.6775698804486
408.08861483099435
405.8455934816981
403.9569480584436
402.42978699614713
401.2698581842142
400.48152733278033
400.06776154116505
400.03011813037955
400.3687387817222
401.08234900352187
402.16826292803717
403.6223934204559
405.43926746194774
407.61204674887114
410.1325534306047
412.9913008891289
416.1775294445162
419.6792468519355
423.483273437754
427.57529170485316
431.9399002204545
436.5606715836352
441.4202142543558
446.5002380112899
451.78162279208726
457.2444906569719
462.86828060481633
468.63182596011086
474.5134340395485
480.49096779838703
486.54192914928717
492.643543640033
498.77284617142766
504.9067674327414
511.02222072938787
517.0961888760296
523.1058108280672
529.0284677254463
534.8418680249434
540.524131400499
546.0538710958239
551.410274419322
556.5731810783611
561.5231590580624
566.2415777590169
570.7106781186544
574.9136394523456
578.8346427626607
582.4589302785025
585.7728610000272
588.7639620402854
591.420975570353
593.7339011912575
595.6940335732208
597.293995220556
598.5277642388941
599.3906970002356
599.8795456205172
599.9924701839144
599.7290456678691
599.090263542778
598.078528040323
596.6976471044852
594.9528180593037
592.8506080473217
590.3989293123445
587.6070094195409
584.4853565249709
581.0457198252598
577.3010453362737
573.2654271672412
568.9540544737067
564.3831542889792
559.5699304492434
554.5324988422049
549.2898192229786
543.8616238538531
538.2683432365094
532.5310292162268
526.6712757474904
520.7111376192217
514.6730474455361
508.579731234444
502.45412285229133
496.3192777058643
490.19828596704417
484.11418566661416
478.0898759843134
472.1480310614951
466.3110146607785
460.6007959938951
455.0388670345393
449.6461616274282
444.44297669803984
439.44889585956753
434.68271570462247
430.1623750591029
425.9048874645043
421.9262771427908
418.2415186848419
414.86448068947374
411.8078735651644
409.0832016909477
406.7007201165261
404.66939596458064
402.9968746805456
401.6894512568784
400.752046540129
400.18818870998507
400
400.18818870998507
400.75204654012896
401.6894512568784
402.9968746805456
404.6693959645806
406.7007201165261
409.0832016909477
411.8078735651644
414.86448068947334
418.2415186848414
421.9262771427903
425.9048874645038
430.1623750591023
434.6827157046224
439.4488958595675
444.4429766980398
449.64616162742817
455.0388670345392
460.60079599389496
466.31101466077774
472.14803106149435
478.08987598431264
484.11418566661337
490.1982859670434
496.31927770586424
502.4541228522913
508.57973123444395
514.6730474455361
520.7111376192217
526.6712757474896
532.531029216226
538.2683432365086
543.8616238538524
549.2898192229779
554.5324988422042
559.5699304492434
564.3831542889792
568.9540544737066
573.2654271672412
577.3010453362735
581.0457198252593
584.4853565249706
587.6070094195405
590.3989293123442
592.8506080473213
594.9528180593035
596.6976471044852
598.078528040323
599.090263542778
599.7290456678691
599.9924701839144
599.8795456205172
599.3906970002356
598.5277642388942
597.2939952205561
595.6940335732211
593.7339011912577
591.420975570353
588.7639620402854
585.7728610000272
582.4589302785026
578.8346427626607
574.9136394523462
570.710678118655
566.2415777590174
561.523159058063
556.5731810783617
551.4102744193227
546.053871095824
540.524131400499
534.8418680249436
529.0284677254464
523.1058108280673
517.0961888760304
511.0222207293886
504.9067674327422
498.77284617142845
492.6435436400338
486.5419291492873
480.49096779838715
474.51343403954854
468.6318259601109
462.8682806048164
457.244490656972
451.78162279208794
446.50023801129055
441.42021425435644
436.5606715836358
431.93990022045506
427.5752917048532
423.48327343775406
419.67924685193555
416.17752944451627
412.9913008891289
410.13255343060473
407.6120467488714
405.43926746194796
403.62239342045615
402.16826292803734
401.082349003522
400.3687387817222
400.0301181303796
400.06776154116505
400.48152733278033
401.2698581842141
402.4297869961471
403.95694805844334
405.8455934816978
408.08861483099406
410.67756988044823
413.60271438784105
416.8530387697455
420.41630953911164
424.2791153493515
428.426917471618
432.84410451529806
437.51405118576116
442.4191808582152
447.5410317321528
452.8603263173999
458.3570439902358
464.01049634650064
469.79940506807725
475.7019820096736
481.69601120448584
487.7589324800783
493.86792636977896
